0,426
0,425
0,424
0,423
0,422
0,421
119,4
0,420
0,419
0,418
119,3
119,2
0,417
119,1
119,0
0,416
0,415
0,414
118,3
118,2
0,413
118,1
118,0
0,412
0,411
0,410
0,409
0,408
0,407
0,406
0,405
0,404
0,403
0,402
0,401
0,400
0,399
0,398
0,397
117,4
117,3
117,2
117,1
117,0
0,396
0,395
116,4
116,3
116,2
116,1
116,0
115,3
115,2
115,1
115,0
0,394
0,393
0,392
0,391
0,390
0,278
0,389
0,388
0,387
0,386
0,385
111,57
111,56
111,55
111,54
111,53
111,52
111,51
111,50
111,49
111,48
111,47
111,46
111,45
111,44
111,43
111,42
111,41
111,40
111,39
111,38
111,37
111,36
111,35
0,384
0,319
0,318
114,4
114,3
114,2
